74.5 247.5
75.0 247.5
79.5 247.5
89.5 247.5
105.5 247.5
127.0 247.5
139.0 246.5
151.0 241.0
160.0 234.5
163.5 230.5
167.5 223.0
169.0 214.0
169.5 207.5
169.5 200.5
168.5 190.0
164.5 180.0
159.5 169.5
154.0 160.5
151.5 156.5
147.0 149.5
143.0 143.5
140.5 140.5
137.0 135.5
133.5 130.5
131.0 127.5
127.5 122.0
126.0 118.0
123.5 114.5
121.0 109.0
117.0 102.5
111.0 94.0
104.5 85.0
99.5 79.5
95.0 75.0
91.5 71.5
87.5 67.5
84.0 64.0
79.5 59.5
76.5 57.0
74.5 55.5
73.0 53.5
72.5 53.0
75.0 53.0
79.0 53.0
94.0 53.0
104.5 53.0
121.0 53.0
137.0 53.0
159.5 51.0
176.5 49.5
189.0 48.0
194.5 47.0
203.5 46.5
209.5 45.5
212.0 45.5
214.0 45.0
215.0 45.0
215.0 44.5
214.5 44.5
212.0 47.5
